results_under_table = {
    'JPlusRRT': {
        'path_length': [0.5642, 0.5765, 0.5530, 0.5787, 0.5625, 0.5770, 0.5541, 0.5656, 0.5532, 0.5775], 
        'planning_time': [0.0060, 0.0065, 0.0061, 0.0063, 0.0068, 0.0060, 0.0067, 0.0066, 0.0062, 0.0064], 
        'success': [0.96, 0.96, 0.97, 0.95, 0.95, 0.96, 0.96, 0.97, 0.96, 0.96]
    },
    'RRTStar': {
        'path_length': [0.4125, 0.3621, 0.3910, 0.3684, 0.3580, 0.3845, 0.3700, 0.3647, 0.3599, 0.3523], 
        'planning_time': [0.0085, 0.0035, 0.0040, 0.0042, 0.0050, 0.0041, 0.0048, 0.0049, 0.0042, 0.0043], 
        'success': [0.92, 0.93, 0.91, 0.90, 0.92, 0.93, 0.91, 0.92, 0.90, 0.91]
    },
    'IKRRT': {
        'path_length': [0.6852, 0.6704, 0.6689, 0.6783, 0.6635, 0.6810, 0.6608, 0.6745, 0.6667, 0.6769], 
        'planning_time': [0.5741, 0.5582, 0.5427, 0.5621, 0.5538, 0.5693, 0.5489, 0.5610, 0.5563, 0.5660], 
        'success': [0.99, 0.99, 0.98, 0.99, 0.98, 0.99, 0.98, 0.99, 0.99, 0.98]
    },
    'BIKRRT': {
        'path_length': [2.8474, 2.8395, 2.8568, 2.8412, 2.8531, 2.8497, 2.8444, 2.8510, 2.8488, 2.8550], 
        'planning_time': [0.0199, 0.0832, 0.0790, 0.0180, 0.1482, 0.0401, 0.1877, 0.0170, 0.0976, 0.2001], 
        'success': [0.93, 0.92, 0.91, 0.93, 0.94, 0.93, 0.91, 0.92, 0.93, 0.92]
    }
}
